DocID
10038978
30011600
10035159
10036022
8217076
10035638
10035931
10035513
10037541
30011585
7685
8217814
10035145
10034819
10036661
8217393
8217195
8217143
10036078
10036214
10035073
10035762
10032448
10035891
40002975
10036409
10035940
10035901
30011523
10034784
30011451
30011561
10035322
30011471
10035992
10036415
8217373
30011567
10035089
10037190
10036460
8217095
30011599
10035624
30011487
8217090
10036367
10035142
10036677
10035611
10035806
10034744
8217154
10035844
10036353
8217033
10035991
10035709
40002924
10038857
10039084
10038856
8217128
10036024
30011552
10035863
30011517
10035770
10035157
10035156
10035484
10035833
40002847
10035216
10035401
7750
8217047
10039460
10035063
10035829
30011512
10034835
10035799
8217669
8217757
8217758
10036346
40003012
10039459
10036250
8217702
10036754
8217415
40003061
40003070
30011470
10036029
10035379
7739
8216976
10034735
10035549
10035069
40003039
8217169
10035712
10035689
8217274
8217077
10035076
10037404
40003060
30011584
10034743
10034676
10035747
8217817
10036469
8217350
10038956
10035425
30011464
10035245
10035837
30011511
30011519
10035109
10035590
10035563
40003058
10035448
30011506
10038713
8217158
8217177
10035715
10035266
10035129
10035066
10035854
10035809
8217168
10035817
10034704
8217244
10035205
10036542
10033576
10035859
8217257
8217157
10035881
10033653
10033596
10036630
10036900
30011455
10036563
8217039
10035147
10036043
10035846
10038751
8217112
10035660
10035443
8217398
10035734
10035297
10035680
10035948
10035692
10035816
10036199
10036556
8217267
10036275
10035227
30011452
10036009
10034767
30008355
10037037
10035773
10035749
10036549
8217358
30011473
10039413
10034724
8217330
40003097
10035934
8217204
10035079
40003082
7803
10036640
10039178
10033592
8217190
10035567
10035994
10035980
7751
10035951
10035720
10033523
10033495
7762
30011449
40002961
10035094
10036968
10035912
10035821
10035895
10034770
8217591
10036587
10034806
10035888
30011521
10035228
10035842
10035713
10034799
10035763
10035326
10036405
10035570
7794
30011580
10035333
10035879
10034662
8217392
10036916
8217282
10035761
10035760
8217222
10035722
10035654
10035078
10036343
10035702
10033537
30008328
8217193
10034653
10036019
10035706
40003102
7740
8217292
10036146
10038762
10035893
10035661
30011488
7747
10036458
10036026
30011553
7774
8217067
9115537
8217333
10033521
10036527
40003028
8217293
10039172
10035830
8217442
8217223
10035101
10035105
10035978
10035075
8217761
7785
10035906
40003105
10039461
10036898
30011578
10039055
10035986
10035517
10035792
8217019
10035419
10035735
10033600
10035728
10036187
7764
10035926
30011536
10036663
10035882
8217155
10035973
10035745
7737
10035342
10035659
10035603
8217399
8217703
40002979
7730
10035862
8217020
7782
30011546
8217773
10039479
10034813
30008358
10035803
8217279
10035909
10036127
10035902
10035714
8217589
10034687
10035455
10036023
10035819
10035485
10036030
10036047
10036148
10035783
8217217
10035957
10035965
10035685
10033623
10035135
30011447
8217613
10035621
10039179
10036441
8217199
10035988
10035774
40002950
8217205
10035565
10039182
10035610
10035177
10035158
10035396
30011462
8217628
8217668
10035858
10039163
10036440
10036041
10035512
10036156
10035794
8217283
8217705
8217706
8217723
10032363
30011605
10039248
10033574
8217576
8217707
8217577
8217385
8217360
10033640
10035404
10035796
10033487
10036327
10035474
30011467
10033557
40002864
10035737
8217272
10035777
30011520
10035493
10035478
30011468
7754
8217650
10034748
8217803
10039231
10035751
30011498
10036638
8217248
30011570
10038981
10036436
8217374
7796
40002866
10036357
10036433
10034775
8217285
8217386
30011496
10035166
40002980
10035721
40002942
10039115
10035511
8217708
10035772
10036066
10034810
30011497
10035591
40003093
10035633
8217203
10035771
10035719
7736
10035788
40002895
8217243
40003044
10034659
10035995
10035944
10035875
8217796
8217797
7770
8217247
10033465
40002844
10033529
40002854
10035974
10035800
30011505
10035500
30011531
8217338
8217709
10035946
10033564
10035564
10036636
8217710
10036286
7738
10034680
10035831
40003075
10033466
8216942
10035677
10035522
30011479
10035718
10035003
30011448
10035339
10035077
10033509
10035378
10035230
8217229
8217231
10035827
30011508
10033648
10033636
10034665
8217815
8217206
10035060
10035507
40003011
10035711
8217711
10032445
10036128
30011557
10035945
10036447
10035457
10035648
10035488
30011469
10036586
8217417
10035962
10033532
40003078
10038064
10035938
10037310
10036970
8217230
10035468
10037671
10035818
40003030
10036018
10033562
10036025
30011450
10039185
10035700
30011492
40003018
40003067
10035343
10039417
8217768
10035869
10035836
10036238
8217319
10036147
8217145
8217194
10039268
8217732
10035134
30011446
7727
10035588
30011483
10035683
10033538
10036583
8217712
10035571
8217714
10035667
10036336
10035338
10035935
8216980
10033639
10038829
10035606
30011484
40003003
10036117
10036122
10036125
10036107
10035335
10033605
10035964
10034715
10036011
10033582
10035380
10036416
10035764
10035334
10035993
10035913
10035325
10035361
10035388
30011465
10038861
10035163
10034838
10035989
10035905
10036518
10036258
10036257
10039138
10033526
10035212
8217149
10034814
30008361
40003005
10036741
10034698
40002923
20012719
10036013
10039386
8217818
10036496
10036658
30011572
10035976
10035820
30011507
10034811
10035865
8217270
10033505
7766
8216977
8217146
40002894
10036130
10035697
40003104
10035707
10035482
10036438
8217715
10035894
10035860
30011516
10035416
10036082
10035202
40003056
7756
10035798
10035949
10036111
8217670
10033621
7783
30011441
10035370
30011459
8217091
8217238
10036015
30011556
10036044
10035568
10033500
10035268
10038966
8217651
10035870
30011518
10035270
10039324
10035130
10038990
40002855
8216943
10035874
10035966
10035672
30011489
10034808
10035515
8217271
10035458
10036035
8217716
10033578
10035646
40002994
10036240
8216967
10036344
10035937
30011533
10035059
10035426
10039131
8217255
10035218
7734
10035445
7763
8217186
8217130
10036591
10036631
10035678
10038247
30011439
10034847
10039398
10035969
8217170
10035573
8217040
10035612
30011499
8217375
10035553
8217228
10036359
8217347
10035880
10035149
40002993
10037073
10036584
10037649
10035345
30011593
10035525
40002997
10035953
8217656
10036093
10039188
10035544
10035106
10035139
8217246
10035072
10036654
10036653
10035319
10035811
10035766
30011504
10037353
10035776
10035203
10035200
8217236
10035424
10035272
30011544
8217578
30011500
10034805
10034654
30011490
10035278
30011509
10035939
10035128
8217245
30011495
10035736
10036714
40003043
10035264
10035917
10035930
30011528
8217171
8217286
8217717
10034809
8217172
10035955
30011540
10035647
30011513
10035942
30011535
10035784
10035543
10039323
10037021
10033633
10036161
40003017
8217697
10035088
10039316
10039285
7729
8217200
10035717
10035121
8217276
10035519
30011472
8217249
10035699
10035914
10033649
10036990
8217722
10036007
7787
10038177
10035748
8217220
10039157
10035990
10033590
8216981
8217721
10035947
10035710
8216990
8216932
10032433
10035769
10035469
10038976
10035998
8217331
8217334
10036895
10036893
10035546
10036820
10035447
30011466
10039355
8217476
10035385
30011460
30011481
10035731
7741
10035755
30011627
10035542
10035904
10035835
8217201
8217221
10035136
10034709
30011486
8217294
10038925
10036323
10038958
8217173
10033614
10035229
40002865
10035569
8217443
10036806
8217328
8217718
10038912
10035622
8217180
10037422
10036040
8217120
10035608
10035362
10036609
30011554
10036466
10038962
10038924
8217657
10038980
8217219
10035524
10035768
10039155
30011494
10035626
10035671
10034798
10039023
10035701
10036084
10036046
10035849
10037207
10035312
30011457
8217242
10036070
10036860
10036100
10035572
8217250
40002977
10035726
10036246
10035327
10039257
8217601
20012154
10035141
10034661
10035952
40003096
8217099
8217688
10033561
10035933
10035556
10034737
10036678
10036669
10035790
8217269
10036995
10035956
40003089
10035045
8217029
10035210
8217665
10035597
30011485
10036162
7795
30011442
10035107
10038901
10035123
10035246
30011453
8217265
10035067
10035085
30011444
10039218
10039139
10035144
8217207
40002948
10036016
8216995
8217719
10036158
20012366
7742
7755
10035867
10035815
10034700
10036012
10035970
10034727
10035808
10035146
10035645
10035741
10035812
10034830
10035908
30011526
10035027
8216979
40003041
7786
8217174
8217178
30011569
10036568
10036005
10034790
10035483
8217179
10035271
10034816
30008359
10036403
10036014
8217284
10035155
10035574
8216988
8217361
10033583
30008352
10034736
10035724
10039197
8217605
10035919
10036079
10036081
10036216
10036073
8217414
10034818
10035152
10036619
10035834
10035359
10035975
30011542
8217156
10039137
10035705
10035925
7748
10035723
10034817
10035112
7789
10036455
8217278
10033580
10038953
10035961
30011547
10036003
10035477
7728
8217071
10035675
10039253
10036020
30011551
10039433
40003081
7802
10036993
10037303
10034786
10037195
10035999
8217376
10035838
10035828
10034769
10035972
30011541
10036420
10037430
10035910
7699
10035623
10035545
30011514
10034675
8217072
8217191
8217240
8217239
8217816
8217237
10039168
10039166
7772
10033591
10033577
10036169
10037050
10035778
8217273
10036604
8217176
10035593
9115538
10035754
10034778
30011548
10036085
8217266
10036951
7788
10036034
10035871
8217042
10035595
8217359
10033651
10035840
10035857
30011515
30011568
8217218
8217287
8217175
10035619
40002968
10036099
8217411
10032456
40001844
40003088
8217202
8217026
8217111
10037102
10035695
10035535
10035841
8216953
8216944
30008325
10039119
10036164
30011524
10035669
10035317
10035927
10036541
10036010
40003049
10036021
10035329
30011549
30011522
10035102
8217133
8217590
10033566
8217416
10036004
10035131
8217357
10033528
10035873
30011527
10035729
30011493
10035936
10035932
30011529
